
  db4  ([-0.010597401785069032, 0.0328830116668852, 0.030841381835560764, -0.18703481171909309,-0.027983769416859854, 0.6308807679298589, 0.7148465705529157, 0.2303778133088965]
 
  db5   [0.0033357252854737712, -0.012580751999081999, -0.006241490212798274, 0.07757149384004572, -0.032244869584638375, -0.24229488706638203, 0.13842814590132074, 0.7243085284377729, 0.6038292697971896, 0.16010239797419293]

  (db6):   [-0.0010773010853084796, 0.004777257510945511, 0.0005538422011614961, -0.03158203931748603, 0.027522865530305727, 0.09750160558732304, -0.12976686756726194, -0.22626469396543983, 0.31525035170919763, 0.7511339080210954, 0.49462389039845306, 0.11154074335010947]

Scaling function coefficients (db8): [-0.0001174767841247695, 0.0006754494064505693, -0.000391740373376947, -0.004870352993451574, 0.008746094047405777, 0.013981027917398282, -0.044088253930794755, -0.017369301001807547, 0.12874742662047847, 0.0004724845739132828, -0.2840155429615469, -0.015829105256349306, 0.5853546836542067, 0.6756307362972898, 0.31287159091429995, 0.05441584224310401]




Scaling function coefficients (sym4): [-0.07576571478927333, -0.02963552764599851, 0.49761866763201545, 0.8037387518059161, 0.29785779560527736, -0.09921954357684722, -0.012603967262037833, 0.0322231006040427]

Scaling function coefficients (sym5): [0.027333068345077982, 0.029519490925774643, -0.039134249302383094, 0.1993975339773936, 0.7234076904024206, 0.6339789634582119, 0.01660210576452232, -0.17532808990845047, -0.021101834024758855, 0.019538882735286728]


Scaling function coefficients (sym8): [-0.0033824159510061256, -0.0005421323317911481, 0.03169508781149298, 0.0076074873249176046, -0.1432942383508097, -0.061273359067658524, 0.4813596512583722, 0.7771857517005235, 0.3644418948353314, -0.05194583810770904, -0.027219029917056003, 0.049137179673607506, 0.003808752013890615, -0.01495225833704823, -0.0003029205147213668, 0.0018899503327594609]





Scaling function coefficients (coif1): [-0.015655728135791993, -0.07273261951252645, 0.3848648468648578, 0.8525720202116004, 0.3378976624574818, -0.07273261951252645]


Scaling function coefficients (coif2): [-0.000720549445520347, -0.0018232088709110323, 0.005611434819368834, 0.02368017194684777, -0.05943441864643109, -0.07648859907828076, 0.4170051844232391, 0.8127236354494135, 0.3861100668227629, -0.0673725547237256, -0.04146493678687178, 0.01638733646320364]


Scaling function coefficients (coif3): [-3.45997731972728e-05, -7.0983302506379e-05, 0.0004662169598204029, 0.0011175187708306303, -0.0025745176881367972, -0.009007976136730624, 0.015880544863669452, 0.03455502757329774, -0.08230192710629983, -0.07179982161915484, 0.42848347637737, 0.7937772226260872, 0.40517690240911824, -0.06112339000297256, -0.06577191128146936, 0.023452696142077168, 0.0077825964256727454, -0.0037935128643808015]
